sort1

    random5000: 0.087, 0.100, 0.98
    reversed5000: 0.083, 0.76, 0.78
    random50000: 7.575, 7.612, 7.720
    reversed50000: 5.938, 5.910, 5.851
    sorted50000: 0.562, 0.482, 0.543

sort2

    random5000: 0.040, 0.050, 0.036
    reversed5000: 0.023, 0.026, 0.030
    random50000: 0.842, 0.581, 0.479
    reversed50000: 0.437, 0.465, 0.608
    sorted50000: 0.474, 0.980, 0.548

sort3

    random5000: 0.068, 0.103, 0.79
    reversed5000: 0.073, 0.069, 0.076
    random50000: 3.158, 3.190, 3.366
    reversed50000: 3.108, 3.368, 3.192
    sorted50000: 3.400, 3.454, 3.584
